mtllib S-ALG0-CO_Gebouwen.mtl
v -683.603548 539.524288 2.700000
v -683.603548 539.524288 17.700000
v -754.155447 496.668361 17.700000
v -754.155447 496.668361 2.700000
v -699.154978 579.353139 2.700000
v -699.154978 579.353139 17.700000
v -776.488629 568.920554 2.700000
v -776.488629 568.920554 17.700000
vn 0.519163 -0.854675 0.000000
vn 0.931511 0.363714 0.000000
vn -0.133693 0.991023 0.000000
vn -0.955400 -0.295315 0.000000
vn 0.000000 0.000000 1.000000
vn 0.000000 0.000000 -1.000000
usemtl H032-01_BH01_S-ALG0-CO_Gebouwen.dgn_Default_132_132_132_vis
f 1//1 2//1 3//1
f 3//1 4//1 1//1
f 5//2 6//2 2//2
f 2//2 1//2 5//2
f 7//3 8//3 6//3
f 6//3 5//3 7//3
f 4//4 3//4 8//4
f 8//4 7//4 4//4
f 2//5 6//5 8//5
f 8//5 3//5 2//5
f 4//6 7//6 5//6
f 5//6 1//6 4//6

vn -0.519163 0.854675 -0.000000
vn -0.931511 -0.363714 -0.000000
vn 0.133693 -0.991023 -0.000000
vn 0.955400 0.295315 -0.000000
vn -0.000000 -0.000000 -1.000000
vn -0.000000 -0.000000 1.000000
f 4//12 1//12 5//12
f 5//12 7//12 4//12
f 2//11 3//11 8//11
f 8//11 6//11 2//11
f 4//10 7//10 8//10
f 8//10 3//10 4//10
f 7//9 5//9 6//9
f 6//9 8//9 7//9
f 5//8 1//8 2//8
f 2//8 6//8 5//8
f 1//7 4//7 3//7
f 3//7 2//7 1//7

g H032-02 BH02
v -676.026444 473.056715 2.700000
v -676.026444 473.056715 17.700000
v -728.787585 414.598391 17.700000
v -728.787585 414.598391 2.700000
v -694.473720 511.504433 2.700000
v -694.473720 511.504433 17.700000
v -751.130036 486.880567 2.700000
v -751.130036 486.880567 17.700000
vn 0.742355 -0.670007 0.000000
vn 0.901593 0.432586 0.000000
vn -0.398599 0.917125 0.000000
vn -0.955400 -0.295315 0.000000
vn 0.000000 0.000000 1.000000
vn 0.000000 0.000000 -1.000000
usemtl H032-02_BH02_S-ALG0-CO_Gebouwen.dgn_Default_132_132_132_vis
f 9//13 10//13 11//13
f 11//13 12//13 9//13
f 13//14 14//14 10//14
f 10//14 9//14 13//14
f 15//15 16//15 14//15
f 14//15 13//15 15//15
f 12//16 11//16 16//16
f 16//16 15//16 12//16
f 10//17 14//17 16//17
f 16//17 11//17 10//17
f 12//18 15//18 13//18
f 13//18 9//18 12//18

vn -0.742355 0.670007 -0.000000
vn -0.901593 -0.432586 -0.000000
vn 0.398599 -0.917125 -0.000000
vn 0.955400 0.295315 -0.000000
vn -0.000000 -0.000000 -1.000000
vn -0.000000 -0.000000 1.000000
f 12//24 9//24 13//24
f 13//24 15//24 12//24
f 10//23 11//23 16//23
f 16//23 14//23 10//23
f 12//22 15//22 16//22
f 16//22 11//22 12//22
f 15//21 13//21 14//21
f 14//21 16//21 15//21
f 13//20 9//20 10//20
f 10//20 14//20 13//20
f 9//19 12//19 11//19
f 11//19 10//19 9//19

usemtl H032-02_BH02_S-ALG0-CO_Gebouwen.dgn_Default_132_132_132_vis


g H032-03 BH03
v -651.227913 368.648980 3.800000
v -651.227913 368.648980 18.800000
v -706.021378 340.945280 18.800000
v -706.021378 340.945280 3.800000
v -638.128754 432.014473 3.800000
v -638.128754 432.014473 18.800000
v -673.362680 452.830696 18.800000
v -726.420713 406.941097 18.800000
v -726.420713 406.941097 3.800000
v -673.362680 452.830696 3.800000
vn 0.451209 -0.892418 0.000000
vn 0.979294 -0.202443 0.000000
vn 0.000000 0.000000 1.000000
vn 0.000000 0.000000 -1.000000
vn 0.508660 0.860967 0.000000
vn -0.654165 0.756352 0.000000
vn -0.955400 -0.295315 0.000000
usemtl H032-03_BH03_S-ALG0-CO_Gebouwen.dgn_Default_132_132_132_vis
f 17//25 18//25 19//25
f 19//25 20//25 17//25
f 21//26 22//26 18//26
f 18//26 17//26 21//26
f 18//27 22//27 23//27
f 23//27 24//27 18//27
f 24//27 19//27 18//27
f 17//28 20//28 25//28
f 17//28 25//28 26//28
f 26//28 21//28 17//28
f 26//29 23//29 22//29
f 22//29 21//29 26//29
f 25//30 24//30 23//30
f 23//30 26//30 25//30
f 20//31 19//31 24//31
f 24//31 25//31 20//31

vn -0.451209 0.892418 -0.000000
vn -0.979294 0.202443 -0.000000
vn -0.000000 -0.000000 -1.000000
vn -0.000000 -0.000000 1.000000
vn -0.508660 -0.860967 -0.000000
vn 0.654165 -0.756352 -0.000000
vn 0.955400 0.295315 -0.000000
f 20//38 25//38 24//38
f 24//38 19//38 20//38
f 25//37 26//37 23//37
f 23//37 24//37 25//37
f 26//36 21//36 22//36
f 22//36 23//36 26//36
f 17//35 21//35 26//35
f 26//35 25//35 17//35
f 25//35 20//35 17//35
f 18//34 19//34 24//34
f 18//34 24//34 23//34
f 23//34 22//34 18//34
f 21//33 17//33 18//33
f 18//33 22//33 21//33
f 17//32 20//32 19//32
f 19//32 18//32 17//32

usemtl H032-03_BH03_S-ALG0-CO_Gebouwen.dgn_Default_132_132_132_vis


g H032-04 BH04
v -541.284600 455.450498 3.500000
v -541.284600 455.450498 18.500000
v -540.088707 424.841214 18.500000
v -540.088707 424.841214 3.500000
v -619.648251 456.351243 3.500000
v -619.648251 456.351243 18.500000
v -642.012360 373.308385 3.500000
v -642.012360 373.308385 18.500000
vn 0.999238 0.039040 0.000000
vn 0.011494 0.999934 0.000000
vn -0.965597 0.260043 0.000000
vn 0.451209 -0.892418 0.000000
vn 0.000000 0.000000 1.000000
vn -0.000000 -0.000000 -1.000000
usemtl H032-04_BH04_S-ALG0-CO_Gebouwen.dgn_Default_132_132_132_vis
f 27//39 28//39 29//39
f 29//39 30//39 27//39
f 31//40 32//40 28//40
f 28//40 27//40 31//40
f 33//41 34//41 32//41
f 32//41 31//41 33//41
f 30//42 29//42 34//42
f 34//42 33//42 30//42
f 28//43 32//43 34//43
f 34//43 29//43 28//43
f 30//44 33//44 31//44
f 31//44 27//44 30//44

vn -0.999238 -0.039040 -0.000000
vn -0.011494 -0.999934 -0.000000
vn 0.965597 -0.260043 -0.000000
vn -0.451209 0.892418 -0.000000
vn -0.000000 -0.000000 -1.000000
vn 0.000000 0.000000 1.000000
f 30//50 27//50 31//50
f 31//50 33//50 30//50
f 28//49 29//49 34//49
f 34//49 32//49 28//49
f 30//48 33//48 34//48
f 34//48 29//48 30//48
f 33//47 31//47 32//47
f 32//47 34//47 33//47
f 31//46 27//46 28//46
f 28//46 32//46 31//46
f 27//45 30//45 29//45
f 29//45 28//45 27//45

usemtl H032-04_BH04_S-ALG0-CO_Gebouwen.dgn_Default_132_132_132_vis


g H032-05 BH05
v -568.484311 556.750757 3.000000
v -568.484311 556.750757 18.000000
v -536.565768 559.079789 18.000000
v -536.565768 559.079789 3.000000
v -582.943173 467.075240 3.000000
v -582.943173 467.075240 18.000000
v -529.540807 462.805207 3.000000
v -529.540807 462.805207 18.000000
vn -0.072774 0.997348 0.000000
vn -0.987250 0.159180 0.000000
vn -0.079705 -0.996818 0.000000
vn 0.997348 0.072774 0.000000
vn 0.000000 0.000000 1.000000
vn 0.000000 0.000000 -1.000000
usemtl H032-05_BH05_S-ALG0-CO_Gebouwen.dgn_Default_132_132_132_vis
f 35//51 36//51 37//51
f 37//51 38//51 35//51
f 39//52 40//52 36//52
f 36//52 35//52 39//52
f 41//53 42//53 40//53
f 40//53 39//53 41//53
f 38//54 37//54 42//54
f 42//54 41//54 38//54
f 36//55 40//55 42//55
f 42//55 37//55 36//55
f 38//56 41//56 39//56
f 39//56 35//56 38//56

vn 0.072774 -0.997348 -0.000000
vn 0.987250 -0.159180 -0.000000
vn 0.079705 0.996818 -0.000000
vn -0.997348 -0.072774 -0.000000
vn -0.000000 -0.000000 -1.000000
vn -0.000000 -0.000000 1.000000
f 38//62 35//62 39//62
f 39//62 41//62 38//62
f 36//61 37//61 42//61
f 42//61 40//61 36//61
f 38//60 41//60 42//60
f 42//60 37//60 38//60
f 41//59 39//59 40//59
f 40//59 42//59 41//59
f 39//58 35//58 36//58
f 36//58 40//58 39//58
f 35//57 38//57 37//57
f 37//57 36//57 35//57

usemtl H032-05_BH05_S-ALG0-CO_Gebouwen.dgn_Default_132_132_132_vis


g H032-06 BH06
v -484.757386 563.600497 3.000000
v -484.757386 563.600497 18.000000
v -461.883215 565.269579 18.000000
v -461.883215 565.269579 3.000000
v -438.719302 488.222277 18.000000
v -438.719302 488.222277 3.000000
v -479.042496 485.279975 18.000000
v -479.042496 485.279975 3.000000
vn -0.072774 0.997348 0.000000
vn 0.957656 0.287915 0.000000
vn 0.072774 -0.997348 0.000000
vn -0.997348 -0.072774 0.000000
vn 0.000000 0.000000 1.000000
vn 0.000000 0.000000 -1.000000
usemtl H032-06_BH06_S-ALG0-CO_Gebouwen.dgn_Default_132_132_132_vis
f 43//63 44//63 45//63
f 45//63 46//63 43//63
f 46//64 45//64 47//64
f 47//64 48//64 46//64
f 48//65 47//65 49//65
f 49//65 50//65 48//65
f 50//66 49//66 44//66
f 44//66 43//66 50//66
f 44//67 49//67 47//67
f 47//67 45//67 44//67
f 46//68 48//68 50//68
f 50//68 43//68 46//68

vn 0.072774 -0.997348 -0.000000
vn -0.957656 -0.287915 -0.000000
vn -0.072774 0.997348 -0.000000
vn 0.997348 0.072774 -0.000000
vn -0.000000 -0.000000 -1.000000
vn -0.000000 -0.000000 1.000000
f 46//74 43//74 50//74
f 50//74 48//74 46//74
f 44//73 45//73 47//73
f 47//73 49//73 44//73
f 50//72 43//72 44//72
f 44//72 49//72 50//72
f 48//71 50//71 49//71
f 49//71 47//71 48//71
f 46//70 48//70 47//70
f 47//70 45//70 46//70
f 43//69 46//69 45//69
f 45//69 44//69 43//69

usemtl H032-06_BH06_S-ALG0-CO_Gebouwen.dgn_Default_132_132_132_vis


g M032-01 BM01
v -555.610221 358.724870 2.600000
v -555.610221 358.724870 17.600000
v -490.636158 230.216617 17.600000
v -490.636158 230.216617 2.600000
v -607.370489 332.554762 2.600000
v -607.370489 332.554762 17.600000
v -542.396426 204.046508 2.600000
v -542.396426 204.046508 17.600000
vn 0.892418 0.451209 0.000000
vn -0.451209 0.892418 0.000000
vn -0.892418 -0.451209 0.000000
vn 0.451209 -0.892418 0.000000
vn 0.000000 0.000000 1.000000
vn -0.000000 -0.000000 -1.000000
usemtl M032-01_BM01_S-ALG0-CO_Gebouwen.dgn_Default_132_132_132_vis
f 51//75 52//75 53//75
f 53//75 54//75 51//75
f 55//76 56//76 52//76
f 52//76 51//76 55//76
f 57//77 58//77 56//77
f 56//77 55//77 57//77
f 54//78 53//78 58//78
f 58//78 57//78 54//78
f 52//79 56//79 58//79
f 58//79 53//79 52//79
f 54//80 57//80 55//80
f 55//80 51//80 54//80

vn -0.892418 -0.451209 -0.000000
vn 0.451209 -0.892418 -0.000000
vn 0.892418 0.451209 -0.000000
vn -0.451209 0.892418 -0.000000
vn -0.000000 -0.000000 -1.000000
vn 0.000000 0.000000 1.000000
f 54//86 51//86 55//86
f 55//86 57//86 54//86
f 52//85 53//85 58//85
f 58//85 56//85 52//85
f 54//84 57//84 58//84
f 58//84 53//84 54//84
f 57//83 55//83 56//83
f 56//83 58//83 57//83
f 55//82 51//82 52//82
f 52//82 56//82 55//82
f 51//81 54//81 53//81
f 53//81 52//81 51//81

usemtl M032-01_BM01_S-ALG0-CO_Gebouwen.dgn_Default_132_132_132_vis


g M032-02 BM02
v -537.761699 367.749123 2.600000
v -537.761699 367.749123 17.600000
v -488.232476 392.791210 17.600000
v -488.232476 392.791210 2.600000
v -491.744413 276.734329 2.600000
v -491.744413 276.734329 17.600000
v -442.215191 301.776415 2.600000
v -442.215191 301.776415 17.600000
vn -0.451209 0.892418 0.000000
vn -0.892418 -0.451209 0.000000
vn 0.451209 -0.892418 0.000000
vn 0.892418 0.451209 0.000000
vn 0.000000 0.000000 1.000000
vn -0.000000 -0.000000 -1.000000
usemtl M032-02_BM02_S-ALG0-CO_Gebouwen.dgn_Default_132_132_132_vis
f 59//87 60//87 61//87
f 61//87 62//87 59//87
f 63//88 64//88 60//88
f 60//88 59//88 63//88
f 65//89 66//89 64//89
f 64//89 63//89 65//89
f 62//90 61//90 66//90
f 66//90 65//90 62//90
f 60//91 64//91 66//91
f 66//91 61//91 60//91
f 62//92 65//92 63//92
f 63//92 59//92 62//92

vn 0.451209 -0.892418 -0.000000
vn 0.892418 0.451209 -0.000000
vn -0.451209 0.892418 -0.000000
vn -0.892418 -0.451209 -0.000000
vn -0.000000 -0.000000 -1.000000
vn 0.000000 0.000000 1.000000
f 62//98 59//98 63//98
f 63//98 65//98 62//98
f 60//97 61//97 66//97
f 66//97 64//97 60//97
f 62//96 65//96 66//96
f 66//96 61//96 62//96
f 65//95 63//95 64//95
f 64//95 66//95 65//95
f 63//94 59//94 60//94
f 60//94 64//94 63//94
f 59//93 62//93 61//93
f 61//93 60//93 59//93

v -470.763359 235.236794 2.500000
v -470.763359 235.236794 17.500000
v -421.234136 260.278881 17.500000
v -421.234136 260.278881 2.500000
v -440.306767 174.998551 2.500000
v -440.306767 174.998551 17.500000
v -390.777544 200.040637 2.500000
v -390.777544 200.040637 17.500000
vn -0.451209 0.892418 0.000000
vn -0.892418 -0.451209 0.000000
vn 0.451209 -0.892418 0.000000
vn 0.892418 0.451209 0.000000
vn 0.000000 0.000000 1.000000
vn -0.000000 -0.000000 -1.000000
usemtl M032-02_BM02_S-ALG0-CO_Gebouwen.dgn_Default_132_132_132_vis
f 67//99 68//99 69//99
f 69//99 70//99 67//99
f 71//100 72//100 68//100
f 68//100 67//100 71//100
f 73//101 74//101 72//101
f 72//101 71//101 73//101
f 70//102 69//102 74//102
f 74//102 73//102 70//102
f 68//103 72//103 74//103
f 74//103 69//103 68//103
f 70//104 73//104 71//104
f 71//104 67//104 70//104

vn 0.451209 -0.892418 -0.000000
vn 0.892418 0.451209 -0.000000
vn -0.451209 0.892418 -0.000000
vn -0.892418 -0.451209 -0.000000
vn -0.000000 -0.000000 -1.000000
vn 0.000000 0.000000 1.000000
f 70//110 67//110 71//110
f 71//110 73//110 70//110
f 68//109 69//109 74//109
f 74//109 72//109 68//109
f 70//108 73//108 74//108
f 74//108 69//108 70//108
f 73//107 71//107 72//107
f 72//107 74//107 73//107
f 71//106 67//106 68//106
f 68//106 72//106 71//106
f 67//105 70//105 69//105
f 69//105 68//105 67//105

v -433.989844 162.504693 2.600000
v -433.989844 162.504693 17.600000
v -384.460621 187.546779 17.600000
v -384.460621 187.546779 2.600000
v -407.315818 109.747758 2.600000
v -407.315818 109.747758 17.600000
v -357.786596 134.789844 2.600000
v -357.786596 134.789844 17.600000
vn -0.451209 0.892418 0.000000
vn -0.892418 -0.451209 0.000000
vn 0.451209 -0.892418 0.000000
vn 0.892418 0.451209 0.000000
vn 0.000000 0.000000 1.000000
vn -0.000000 -0.000000 -1.000000
usemtl M032-02_BM02_S-ALG0-CO_Gebouwen.dgn_Default_132_132_132_vis
f 75//111 76//111 77//111
f 77//111 78//111 75//111
f 79//112 80//112 76//112
f 76//112 75//112 79//112
f 81//113 82//113 80//113
f 80//113 79//113 81//113
f 78//114 77//114 82//114
f 82//114 81//114 78//114
f 76//115 80//115 82//115
f 82//115 77//115 76//115
f 78//116 81//116 79//116
f 79//116 75//116 78//116

vn 0.451209 -0.892418 -0.000000
vn 0.892418 0.451209 -0.000000
vn -0.451209 0.892418 -0.000000
vn -0.892418 -0.451209 -0.000000
vn -0.000000 -0.000000 -1.000000
vn 0.000000 0.000000 1.000000
f 78//122 75//122 79//122
f 79//122 81//122 78//122
f 76//121 77//121 82//121
f 82//121 80//121 76//121
f 78//120 81//120 82//120
f 82//120 77//120 78//120
f 81//119 79//119 80//119
f 80//119 82//119 81//119
f 79//118 75//118 76//118
f 76//118 80//118 79//118
f 75//117 78//117 77//117
f 77//117 76//117 75//117

v -351.469520 122.296064 2.600000
v -351.469520 122.296064 17.600000
v -308.082429 36.483372 17.600000
v -308.082429 36.483372 2.600000
v -400.998742 97.253977 2.600000
v -400.998742 97.253977 17.600000
v -349.119811 -5.354210 2.600000
v -349.119811 -5.354210 17.600000
vn 0.892418 0.451209 0.000000
vn -0.451209 0.892418 0.000000
vn -0.892418 -0.451209 0.000000
vn 0.713901 -0.700247 0.000000
vn 0.000000 0.000000 1.000000
vn -0.000000 -0.000000 -1.000000
usemtl M032-02_BM02_S-ALG0-CO_Gebouwen.dgn_Default_132_132_132_vis
f 83//123 84//123 85//123
f 85//123 86//123 83//123
f 87//124 88//124 84//124
f 84//124 83//124 87//124
f 89//125 90//125 88//125
f 88//125 87//125 89//125
f 86//126 85//126 90//126
f 90//126 89//126 86//126
f 84//127 88//127 90//127
f 90//127 85//127 84//127
f 86//128 89//128 87//128
f 87//128 83//128 86//128

vn -0.892418 -0.451209 -0.000000
vn 0.451209 -0.892418 -0.000000
vn 0.892418 0.451209 -0.000000
vn -0.713901 0.700247 -0.000000
vn -0.000000 -0.000000 -1.000000
vn 0.000000 0.000000 1.000000
f 86//134 83//134 87//134
f 87//134 89//134 86//134
f 84//133 85//133 90//133
f 90//133 88//133 84//133
f 86//132 89//132 90//132
f 90//132 85//132 86//132
f 89//131 87//131 88//131
f 88//131 90//131 89//131
f 87//130 83//130 84//130
f 84//130 88//130 87//130
f 83//129 86//129 85//129
f 85//129 84//129 83//129

usemtl M032-02_BM02_S-ALG0-CO_Gebouwen.dgn_Default_132_132_132_vis


v -435.898421 289.282480 5.500000
v -435.898421 289.282480 -9.500000
v -485.427644 264.240393 -9.500000
v -485.427644 264.240393 5.500000
v -470.763359 235.236794 -9.500000
v -470.763359 235.236794 5.500000
v -421.234136 260.278881 -9.500000
v -421.234136 260.278881 5.500000
vn -0.451209 0.892418 0.000000
vn -0.892418 -0.451209 0.000000
vn 0.451209 -0.892418 0.000000
vn 0.892418 0.451209 0.000000
vn -0.000000 -0.000000 -1.000000
vn 0.000000 0.000000 1.000000
usemtl M032-02_BM02_S-ALG0-CO_Gebouwen.dgn_Default_91_91_91_vis
f 91//135 92//135 93//135
f 93//135 94//135 91//135
f 94//136 93//136 95//136
f 95//136 96//136 94//136
f 96//137 95//137 97//137
f 97//137 98//137 96//137
f 98//138 97//138 92//138
f 92//138 91//138 98//138
f 92//139 97//139 95//139
f 95//139 93//139 92//139
f 94//140 96//140 98//140
f 98//140 91//140 94//140

vn 0.451209 -0.892418 -0.000000
vn 0.892418 0.451209 -0.000000
vn -0.451209 0.892418 -0.000000
vn -0.892418 -0.451209 -0.000000
vn 0.000000 0.000000 1.000000
vn -0.000000 -0.000000 -1.000000
f 94//146 91//146 98//146
f 98//146 96//146 94//146
f 92//145 93//145 95//145
f 95//145 97//145 92//145
f 98//144 91//144 92//144
f 92//144 97//144 98//144
f 96//143 98//143 97//143
f 97//143 95//143 96//143
f 94//142 96//142 95//142
f 95//142 93//142 94//142
f 91//141 94//141 93//141
f 93//141 92//141 91//141

usemtl M032-02_BM02_S-ALG0-CO_Gebouwen.dgn_Default_91_91_91_vis


v -438.856123 300.673391 2.600000
v -438.856123 300.673391 2.800000
v -490.616391 274.503283 2.800000
v -490.616391 274.503283 2.600000
v -486.001430 393.919232 2.600000
v -486.001430 393.919232 2.800000
v -488.232476 392.791210 2.600000
v -488.232476 392.791210 2.800000
v -442.215191 301.776415 2.800000
v -491.744413 276.734329 2.800000
v -442.215191 301.776415 2.600000
v -491.744413 276.734329 2.600000
vn 0.451209 -0.892418 0.000000
vn 0.892418 0.451209 0.000000
vn -0.451209 0.892418 0.000000
vn 0.000000 0.000000 1.000000
vn 0.000000 0.000000 -1.000000
vn -0.892418 -0.451209 0.000000
vn -0.451209 0.892418 0.000000
vn -0.892418 -0.451209 0.000000
usemtl M032-02_BM02_S-ALG0-CO_Gebouwen.dgn_Default_0_127_31_vis
f 99//147 100//147 101//147
f 101//147 102//147 99//147
f 103//148 104//148 100//148
f 100//148 99//148 103//148
f 105//149 106//149 104//149
f 104//149 103//149 105//149
f 107//150 108//150 101//150
f 101//150 100//150 107//150
f 106//150 107//150 100//150
f 100//150 104//150 106//150
f 109//151 105//151 103//151
f 103//151 99//151 109//151
f 110//151 109//151 99//151
f 99//151 102//151 110//151
f 109//152 107//152 106//152
f 106//152 105//152 109//152
f 110//153 108//153 107//153
f 107//153 109//153 110//153
f 102//154 101//154 108//154
f 108//154 110//154 102//154

vn -0.451209 0.892418 -0.000000
vn -0.892418 -0.451209 -0.000000
vn 0.451209 -0.892418 -0.000000
vn -0.000000 -0.000000 -1.000000
vn -0.000000 -0.000000 1.000000
vn 0.892418 0.451209 -0.000000
vn 0.451209 -0.892418 -0.000000
vn 0.892418 0.451209 -0.000000
f 102//162 110//162 108//162
f 108//162 101//162 102//162
f 110//161 109//161 107//161
f 107//161 108//161 110//161
f 109//160 105//160 106//160
f 106//160 107//160 109//160
f 110//159 102//159 99//159
f 99//159 109//159 110//159
f 109//159 99//159 103//159
f 103//159 105//159 109//159
f 106//158 104//158 100//158
f 100//158 107//158 106//158
f 107//158 100//158 101//158
f 101//158 108//158 107//158
f 105//157 103//157 104//157
f 104//157 106//157 105//157
f 103//156 99//156 100//156
f 100//156 104//156 103//156
f 99//155 102//155 101//155
f 101//155 100//155 99//155

v -440.306767 174.998551 2.500000
v -440.306767 174.998551 2.700000
v -390.777544 200.040637 2.700000
v -390.777544 200.040637 2.500000
v -439.178745 172.767505 2.500000
v -439.178745 172.767505 2.700000
v -387.418476 198.937613 2.500000
v -387.418476 198.937613 2.700000
v -421.234136 260.278881 2.700000
v -419.003090 261.406903 2.700000
v -421.234136 260.278881 2.500000
v -419.003090 261.406903 2.500000
vn -0.451209 0.892418 0.000000
vn -0.892418 -0.451209 0.000000
vn 0.451209 -0.892418 0.000000
vn 0.000000 0.000000 1.000000
vn -0.000000 -0.000000 -1.000000
vn 0.892418 0.451209 0.000000
vn -0.451209 0.892418 0.000000
vn -0.892418 -0.451209 0.000000
usemtl M032-02_BM02_S-ALG0-CO_Gebouwen.dgn_Default_0_127_31_vis
f 111//163 112//163 113//163
f 113//163 114//163 111//163
f 115//164 116//164 112//164
f 112//164 111//164 115//164
f 117//165 118//165 116//165
f 116//165 115//165 117//165
f 113//166 112//166 116//166
f 116//166 118//166 113//166
f 119//166 113//166 118//166
f 118//166 120//166 119//166
f 114//167 121//167 122//167
f 122//167 117//167 114//167
f 111//167 114//167 117//167
f 117//167 115//167 111//167
f 122//168 120//168 118//168
f 118//168 117//168 122//168
f 121//169 119//169 120//169
f 120//169 122//169 121//169
f 114//170 113//170 119//170
f 119//170 121//170 114//170

vn 0.451209 -0.892418 -0.000000
vn 0.892418 0.451209 -0.000000
vn -0.451209 0.892418 -0.000000
vn -0.000000 -0.000000 -1.000000
vn 0.000000 0.000000 1.000000
vn -0.892418 -0.451209 -0.000000
vn 0.451209 -0.892418 -0.000000
vn 0.892418 0.451209 -0.000000
f 114//178 121//178 119//178
f 119//178 113//178 114//178
f 121//177 122//177 120//177
f 120//177 119//177 121//177
f 122//176 117//176 118//176
f 118//176 120//176 122//176
f 111//175 115//175 117//175
f 117//175 114//175 111//175
f 114//175 117//175 122//175
f 122//175 121//175 114//175
f 119//174 120//174 118//174
f 118//174 113//174 119//174
f 113//174 118//174 116//174
f 116//174 112//174 113//174
f 117//173 115//173 116//173
f 116//173 118//173 117//173
f 115//172 111//172 112//172
f 112//172 116//172 115//172
f 111//171 114//171 113//171
f 113//171 112//171 111//171

v -434.795397 292.641548 2.500000
v -434.795397 292.641548 2.700000
v -419.003090 261.406903 2.700000
v -419.003090 261.406903 2.500000
v -486.555666 266.471439 2.500000
v -486.555666 266.471439 2.700000
v -485.427644 264.240393 2.500000
v -485.427644 264.240393 2.700000
v -435.898421 289.282480 2.700000
v -421.234136 260.278881 2.700000
v -435.898421 289.282480 2.500000
v -421.234136 260.278881 2.500000
vn 0.892418 0.451209 0.000000
vn -0.451209 0.892418 0.000000
vn -0.892418 -0.451209 0.000000
vn 0.000000 0.000000 1.000000
vn -0.000000 -0.000000 -1.000000
vn 0.451209 -0.892418 0.000000
vn -0.892418 -0.451209 0.000000
usemtl M032-02_BM02_S-ALG0-CO_Gebouwen.dgn_Default_0_127_31_vis
f 123//179 124//179 125//179
f 125//179 126//179 123//179
f 127//180 128//180 124//180
f 124//180 123//180 127//180
f 129//181 130//181 128//181
f 128//181 127//181 129//181
f 131//182 132//182 125//182
f 125//182 124//182 131//182
f 130//182 131//182 124//182
f 124//182 128//182 130//182
f 133//183 129//183 127//183
f 127//183 123//183 133//183
f 134//183 133//183 123//183
f 123//183 126//183 134//183
f 133//184 131//184 130//184
f 130//184 129//184 133//184
f 134//185 132//185 131//185
f 131//185 133//185 134//185
f 126//184 125//184 132//184
f 132//184 134//184 126//184

vn -0.892418 -0.451209 -0.000000
vn 0.451209 -0.892418 -0.000000
vn 0.892418 0.451209 -0.000000
vn -0.000000 -0.000000 -1.000000
vn 0.000000 0.000000 1.000000
vn -0.451209 0.892418 -0.000000
vn 0.892418 0.451209 -0.000000
f 126//191 134//191 132//191
f 132//191 125//191 126//191
f 134//192 133//192 131//192
f 131//192 132//192 134//192
f 133//191 129//191 130//191
f 130//191 131//191 133//191
f 134//190 126//190 123//190
f 123//190 133//190 134//190
f 133//190 123//190 127//190
f 127//190 129//190 133//190
f 130//189 128//189 124//189
f 124//189 131//189 130//189
f 131//189 124//189 125//189
f 125//189 132//189 131//189
f 129//188 127//188 128//188
f 128//188 130//188 129//188
f 127//187 123//187 124//187
f 124//187 128//187 127//187
f 123//186 126//186 125//186
f 125//186 124//186 123//186

v -354.427528 133.686820 2.600000
v -354.427528 133.686820 2.800000
v -406.187796 107.516712 2.800000
v -406.187796 107.516712 2.600000
v -383.357597 190.905847 2.600000
v -383.357597 190.905847 2.800000
v -435.117866 164.735739 2.600000
v -435.117866 164.735739 2.800000
v -433.989844 162.504693 2.600000
v -433.989844 162.504693 2.800000
v -384.460621 187.546779 2.600000
v -384.460621 187.546779 2.800000
v -357.786596 134.789844 2.800000
v -407.315818 109.747758 2.800000
v -357.786596 134.789844 2.600000
v -407.315818 109.747758 2.600000
vn 0.451209 -0.892418 0.000000
vn 0.892418 0.451209 0.000000
vn -0.451209 0.892418 0.000000
vn -0.892418 -0.451209 0.000000
vn 0.451209 -0.892418 0.000000
vn 0.000000 0.000000 1.000000
vn 0.000000 0.000000 -1.000000
vn -0.892418 -0.451209 0.000000
vn -0.451209 0.892418 0.000000
usemtl M032-02_BM02_S-ALG0-CO_Gebouwen.dgn_Default_0_127_31_vis
f 135//193 136//193 137//193
f 137//193 138//193 135//193
f 139//194 140//194 136//194
f 136//194 135//194 139//194
f 141//195 142//195 140//195
f 140//195 139//195 141//195
f 143//196 144//196 142//196
f 142//196 141//196 143//196
f 145//197 146//197 144//197
f 144//197 143//197 145//197
f 147//198 148//198 137//198
f 137//198 136//198 147//198
f 146//198 147//198 136//198
f 136//198 140//198 146//198
f 144//198 146//198 140//198
f 140//198 142//198 144//198
f 145//199 143//199 141//199
f 141//199 139//199 145//199
f 149//199 145//199 139//199
f 139//199 135//199 149//199
f 150//199 149//199 135//199
f 135//199 138//199 150//199
f 149//200 147//200 146//200
f 146//200 145//200 149//200
f 150//201 148//201 147//201
f 147//201 149//201 150//201
f 138//200 137//200 148//200
f 148//200 150//200 138//200

vn -0.451209 0.892418 -0.000000
vn -0.892418 -0.451209 -0.000000
vn 0.451209 -0.892418 -0.000000
vn 0.892418 0.451209 -0.000000
vn -0.451209 0.892418 -0.000000
vn -0.000000 -0.000000 -1.000000
vn -0.000000 -0.000000 1.000000
vn 0.892418 0.451209 -0.000000
vn 0.451209 -0.892418 -0.000000
f 138//209 150//209 148//209
f 148//209 137//209 138//209
f 150//210 149//210 147//210
f 147//210 148//210 150//210
f 149//209 145//209 146//209
f 146//209 147//209 149//209
f 150//208 138//208 135//208
f 135//208 149//208 150//208
f 149//208 135//208 139//208
f 139//208 145//208 149//208
f 145//208 139//208 141//208
f 141//208 143//208 145//208
f 144//207 142//207 140//207
f 140//207 146//207 144//207
f 146//207 140//207 136//207
f 136//207 147//207 146//207
f 147//207 136//207 137//207
f 137//207 148//207 147//207
f 145//206 143//206 144//206
f 144//206 146//206 145//206
f 143//205 141//205 142//205
f 142//205 144//205 143//205
f 141//204 139//204 140//204
f 140//204 142//204 141//204
f 139//203 135//203 136//203
f 136//203 140//203 139//203
f 135//202 138//202 137//202
f 137//202 136//202 135//202

v -305.042784 36.012117 2.600000
v -305.042784 36.012117 2.800000
v -347.928697 -7.710042 2.800000
v -347.928697 -7.710042 2.600000
v -350.366495 125.655132 2.600000
v -350.366495 125.655132 2.800000
v -402.126764 99.485023 2.600000
v -402.126764 99.485023 2.800000
v -400.998742 97.253977 2.600000
v -400.998742 97.253977 2.800000
v -351.469520 122.296064 2.600000
v -351.469520 122.296064 2.800000
v -308.082429 36.483372 2.800000
v -349.119811 -5.354210 2.800000
v -308.082429 36.483372 2.600000
v -349.119811 -5.354210 2.600000
vn 0.713901 -0.700247 0.000000
vn 0.892418 0.451209 0.000000
vn -0.451209 0.892418 0.000000
vn -0.892418 -0.451209 0.000000
vn 0.451209 -0.892418 0.000000
vn 0.000000 0.000000 1.000000
vn 0.000000 0.000000 -1.000000
vn -0.892418 -0.451209 0.000000
vn -0.713901 0.700247 0.000000
usemtl M032-02_BM02_S-ALG0-CO_Gebouwen.dgn_Default_0_127_31_vis
f 151//211 152//211 153//211
f 153//211 154//211 151//211
f 155//212 156//212 152//212
f 152//212 151//212 155//212
f 157//213 158//213 156//213
f 156//213 155//213 157//213
f 159//214 160//214 158//214
f 158//214 157//214 159//214
f 161//215 162//215 160//215
f 160//215 159//215 161//215
f 163//216 164//216 153//216
f 153//216 152//216 163//216
f 162//216 163//216 152//216
f 152//216 156//216 162//216
f 160//216 162//216 156//216
f 156//216 158//216 160//216
f 161//217 159//217 157//217
f 157//217 155//217 161//217
f 165//217 161//217 155//217
f 155//217 151//217 165//217
f 166//217 165//217 151//217
f 151//217 154//217 166//217
f 165//218 163//218 162//218
f 162//218 161//218 165//218
f 166//219 164//219 163//219
f 163//219 165//219 166//219
f 154//218 153//218 164//218
f 164//218 166//218 154//218

vn -0.713901 0.700247 -0.000000
vn -0.892418 -0.451209 -0.000000
vn 0.451209 -0.892418 -0.000000
vn 0.892418 0.451209 -0.000000
vn -0.451209 0.892418 -0.000000
vn -0.000000 -0.000000 -1.000000
vn -0.000000 -0.000000 1.000000
vn 0.892418 0.451209 -0.000000
vn 0.713901 -0.700247 -0.000000
f 154//227 166//227 164//227
f 164//227 153//227 154//227
f 166//228 165//228 163//228
f 163//228 164//228 166//228
f 165//227 161//227 162//227
f 162//227 163//227 165//227
f 166//226 154//226 151//226
f 151//226 165//226 166//226
f 165//226 151//226 155//226
f 155//226 161//226 165//226
f 161//226 155//226 157//226
f 157//226 159//226 161//226
f 160//225 158//225 156//225
f 156//225 162//225 160//225
f 162//225 156//225 152//225
f 152//225 163//225 162//225
f 163//225 152//225 153//225
f 153//225 164//225 163//225
f 161//224 159//224 160//224
f 160//224 162//224 161//224
f 159//223 157//223 158//223
f 158//223 160//223 159//223
f 157//222 155//222 156//222
f 156//222 158//222 157//222
f 155//221 151//221 152//221
f 152//221 156//221 155//221
f 151//220 154//220 153//220
f 153//220 152//220 151//220

usemtl M032-02_BM02_S-ALG0-CO_Gebouwen.dgn_Default_0_127_31_vis


g M032-04 BM04
v -236.164396 62.677505 2.450000
v -236.164396 62.677505 17.450000
v -196.409859 -15.950580 17.450000
v -196.409859 -15.950580 2.450000
v -265.833636 32.429736 2.450000
v -265.833636 32.429736 17.450000
v -268.219575 8.615241 17.450000
v -246.952175 -33.448257 17.450000
v -268.219575 8.615241 2.450000
v -246.952175 -33.448257 2.450000
vn 0.892418 0.451209 0.000000
vn -0.713901 0.700247 0.000000
vn 0.000000 0.000000 1.000000
vn 0.000000 0.000000 -1.000000
vn -0.995019 0.099689 0.000000
vn -0.892418 -0.451209 0.000000
vn 0.327148 -0.944973 0.000000
usemtl M032-04_BM04_S-ALG0-CO_Gebouwen.dgn_Default_132_132_132_vis
f 167//229 168//229 169//229
f 169//229 170//229 167//229
f 171//230 172//230 168//230
f 168//230 167//230 171//230
f 169//231 168//231 172//231
f 172//231 173//231 169//231
f 173//231 174//231 169//231
f 175//232 171//232 167//232
f 167//232 170//232 175//232
f 170//232 176//232 175//232
f 175//233 173//233 172//233
f 172//233 171//233 175//233
f 176//234 174//234 173//234
f 173//234 175//234 176//234
f 170//235 169//235 174//235
f 174//235 176//235 170//235

vn -0.892418 -0.451209 -0.000000
vn 0.713901 -0.700247 -0.000000
vn -0.000000 -0.000000 -1.000000
vn -0.000000 -0.000000 1.000000
vn 0.995019 -0.099689 -0.000000
vn 0.892418 0.451209 -0.000000
vn -0.327148 0.944973 -0.000000
f 170//242 176//242 174//242
f 174//242 169//242 170//242
f 176//241 175//241 173//241
f 173//241 174//241 176//241
f 175//240 171//240 172//240
f 172//240 173//240 175//240
f 175//239 176//239 170//239
f 175//239 170//239 167//239
f 167//239 171//239 175//239
f 169//238 174//238 173//238
f 169//238 173//238 172//238
f 172//238 168//238 169//238
f 171//237 167//237 168//237
f 168//237 172//237 171//237
f 167//236 170//236 169//236
f 169//236 168//236 167//236

usemtl M032-04_BM04_S-ALG0-CO_Gebouwen.dgn_Default_132_132_132_vis


v -235.506979 66.917912 2.450000
v -235.506979 66.917912 2.650000
v -194.025787 -15.125218 2.650000
v -194.025787 -15.125218 2.450000
v -268.233599 33.553146 2.450000
v -268.233599 33.553146 2.650000
v -270.779864 8.138409 2.450000
v -270.779864 8.138409 2.650000
v -249.336247 -34.273619 2.450000
v -249.336247 -34.273619 2.650000
v -246.952175 -33.448257 2.450000
v -246.952175 -33.448257 2.650000
v -268.219575 8.615241 2.450000
v -268.219575 8.615241 2.650000
v -265.833636 32.429736 2.450000
v -265.833636 32.429736 2.650000
v -236.164396 62.677505 2.650000
v -196.409859 -15.950580 2.650000
v -236.164396 62.677505 2.450000
v -196.409859 -15.950580 2.450000
vn 0.892418 0.451209 0.000000
vn -0.713901 0.700247 0.000000
vn -0.995019 0.099689 0.000000
vn -0.892418 -0.451209 0.000000
vn 0.327148 -0.944973 0.000000
vn 0.892418 0.451209 0.000000
vn 0.995019 -0.099689 0.000000
vn 0.000000 0.000000 1.000000
vn 0.000000 0.000000 -1.000000
vn 0.713901 -0.700247 0.000000
vn -0.892418 -0.451209 0.000000
vn 0.327148 -0.944973 0.000000
usemtl M032-04_BM04_S-ALG0-CO_Gebouwen.dgn_Default_0_127_31_vis
f 177//243 178//243 179//243
f 179//243 180//243 177//243
f 181//244 182//244 178//244
f 178//244 177//244 181//244
f 183//245 184//245 182//245
f 182//245 181//245 183//245
f 185//246 186//246 184//246
f 184//246 183//246 185//246
f 187//247 188//247 186//247
f 186//247 185//247 187//247
f 189//248 190//248 188//248
f 188//248 187//248 189//248
f 191//249 192//249 190//249
f 190//249 189//249 191//249
f 193//250 194//250 179//250
f 179//250 178//250 193//250
f 192//250 193//250 178//250
f 178//250 182//250 192//250
f 190//250 192//250 182//250
f 182//250 184//250 190//250
f 188//250 190//250 184//250
f 184//250 186//250 188//250
f 189//251 187//251 185//251
f 185//251 183//251 189//251
f 191//251 189//251 183//251
f 183//251 181//251 191//251
f 195//251 191//251 181//251
f 181//251 177//251 195//251
f 196//251 195//251 177//251
f 177//251 180//251 196//251
f 195//252 193//252 192//252
f 192//252 191//252 195//252
f 196//253 194//253 193//253
f 193//253 195//253 196//253
f 180//254 179//254 194//254
f 194//254 196//254 180//254

vn -0.892418 -0.451209 -0.000000
vn 0.713901 -0.700247 -0.000000
vn 0.995019 -0.099689 -0.000000
vn 0.892418 0.451209 -0.000000
vn -0.327148 0.944973 -0.000000
vn -0.892418 -0.451209 -0.000000
vn -0.995019 0.099689 -0.000000
vn -0.000000 -0.000000 -1.000000
vn -0.000000 -0.000000 1.000000
vn -0.713901 0.700247 -0.000000
vn 0.892418 0.451209 -0.000000
vn -0.327148 0.944973 -0.000000
f 180//266 196//266 194//266
f 194//266 179//266 180//266
f 196//265 195//265 193//265
f 193//265 194//265 196//265
f 195//264 191//264 192//264
f 192//264 193//264 195//264
f 196//263 180//263 177//263
f 177//263 195//263 196//263
f 195//263 177//263 181//263
f 181//263 191//263 195//263
f 191//263 181//263 183//263
f 183//263 189//263 191//263
f 189//263 183//263 185//263
f 185//263 187//263 189//263
f 188//262 186//262 184//262
f 184//262 190//262 188//262
f 190//262 184//262 182//262
f 182//262 192//262 190//262
f 192//262 182//262 178//262
f 178//262 193//262 192//262
f 193//262 178//262 179//262
f 179//262 194//262 193//262
f 191//261 189//261 190//261
f 190//261 192//261 191//261
f 189//260 187//260 188//260
f 188//260 190//260 189//260
f 187//259 185//259 186//259
f 186//259 188//259 187//259
f 185//258 183//258 184//258
f 184//258 186//258 185//258
f 183//257 181//257 182//257
f 182//257 184//257 183//257
f 181//256 177//256 178//256
f 178//256 182//256 181//256
f 177//255 180//255 179//255
f 179//255 178//255 177//255

usemtl M032-04_BM04_S-ALG0-CO_Gebouwen.dgn_Default_0_127_31_vis


g M032-05 BM05
v -389.610957 417.144325 1.500000
v -389.610957 417.144325 16.500000
v -335.377482 427.341481 16.500000
v -335.377482 427.341481 1.500000
v -340.780712 320.565949 1.500000
v -340.780712 320.565949 16.500000
v -293.482386 344.480090 1.500000
v -293.482386 344.480090 16.500000
vn -0.184785 0.982779 0.000000
vn -0.892418 -0.451209 0.000000
vn 0.451209 -0.892418 0.000000
vn 0.892418 0.451210 0.000000
vn 0.000000 0.000000 1.000000
vn -0.000000 -0.000000 -1.000000
usemtl M032-05_BM05_S-ALG0-CO_Gebouwen.dgn_Default_132_132_132_vis
f 197//267 198//267 199//267
f 199//267 200//267 197//267
f 201//268 202//268 198//268
f 198//268 197//268 201//268
f 203//269 204//269 202//269
f 202//269 201//269 203//269
f 200//270 199//270 204//270
f 204//270 203//270 200//270
f 198//271 202//271 204//271
f 204//271 199//271 198//271
f 200//272 203//272 201//272
f 201//272 197//272 200//272

vn 0.184785 -0.982779 -0.000000
vn 0.892418 0.451209 -0.000000
vn -0.451209 0.892418 -0.000000
vn -0.892418 -0.451210 -0.000000
vn -0.000000 -0.000000 -1.000000
vn 0.000000 0.000000 1.000000
f 200//278 197//278 201//278
f 201//278 203//278 200//278
f 198//277 199//277 204//277
f 204//277 202//277 198//277
f 200//276 203//276 204//276
f 204//276 199//276 200//276
f 203//275 201//275 202//275
f 202//275 204//275 203//275
f 201//274 197//274 198//274
f 198//274 202//274 201//274
f 197//273 200//273 199//273
f 199//273 198//273 197//273

v -318.000678 275.510704 2.500000
v -318.000678 275.510704 17.500000
v -334.469798 308.083976 17.500000
v -334.469798 308.083976 2.500000
v -270.702502 299.424768 2.500000
v -270.702502 299.424768 17.500000
v -287.171622 331.998041 2.500000
v -287.171622 331.998041 17.500000
vn -0.892418 -0.451209 0.000000
vn 0.451209 -0.892418 0.000000
vn 0.892418 0.451209 0.000000
vn -0.451209 0.892418 0.000000
vn 0.000000 0.000000 1.000000
vn 0.000000 0.000000 -1.000000
usemtl M032-05_BM05_S-ALG0-CO_Gebouwen.dgn_Default_132_132_132_vis
f 205//279 206//279 207//279
f 207//279 208//279 205//279
f 209//280 210//280 206//280
f 206//280 205//280 209//280
f 211//281 212//281 210//281
f 210//281 209//281 211//281
f 208//282 207//282 212//282
f 212//282 211//282 208//282
f 206//283 210//283 212//283
f 212//283 207//283 206//283
f 208//284 211//284 209//284
f 209//284 205//284 208//284

vn 0.892418 0.451209 -0.000000
vn -0.451209 0.892418 -0.000000
vn -0.892418 -0.451209 -0.000000
vn 0.451209 -0.892418 -0.000000
vn -0.000000 -0.000000 -1.000000
vn -0.000000 -0.000000 1.000000
f 208//290 205//290 209//290
f 209//290 211//290 208//290
f 206//289 207//289 212//289
f 212//289 210//289 206//289
f 208//288 211//288 212//288
f 212//288 207//288 208//288
f 211//287 209//287 210//287
f 210//287 212//287 211//287
f 209//286 205//286 206//286
f 206//286 210//286 209//286
f 205//285 208//285 207//285
f 207//285 206//285 205//285

v -254.910195 268.190124 2.500000
v -254.910195 268.190124 17.500000
v -233.026569 224.907830 17.500000
v -233.026569 224.907830 2.500000
v -302.208371 244.276059 2.500000
v -302.208371 244.276059 17.500000
v -280.324746 200.993765 2.500000
v -280.324746 200.993765 17.500000
vn 0.892418 0.451209 0.000000
vn -0.451209 0.892418 0.000000
vn -0.892418 -0.451209 0.000000
vn 0.451209 -0.892418 0.000000
vn 0.000000 0.000000 1.000000
vn -0.000000 -0.000000 -1.000000
usemtl M032-05_BM05_S-ALG0-CO_Gebouwen.dgn_Default_132_132_132_vis
f 213//291 214//291 215//291
f 215//291 216//291 213//291
f 217//292 218//292 214//292
f 214//292 213//292 217//292
f 219//293 220//293 218//293
f 218//293 217//293 219//293
f 216//294 215//294 220//294
f 220//294 219//294 216//294
f 214//295 218//295 220//295
f 220//295 215//295 214//295
f 216//296 219//296 217//296
f 217//296 213//296 216//296

vn -0.892418 -0.451209 -0.000000
vn 0.451209 -0.892418 -0.000000
vn 0.892418 0.451209 -0.000000
vn -0.451209 0.892418 -0.000000
vn -0.000000 -0.000000 -1.000000
vn 0.000000 0.000000 1.000000
f 216//302 213//302 217//302
f 217//302 219//302 216//302
f 214//301 215//301 220//301
f 220//301 218//301 214//301
f 216//300 219//300 220//300
f 220//300 215//300 216//300
f 219//299 217//299 218//299
f 218//299 220//299 219//299
f 217//298 213//298 214//298
f 214//298 218//298 217//298
f 213//297 216//297 215//297
f 215//297 214//297 213//297

v -195.691914 151.065503 3.500000
v -195.691914 151.065503 18.500000
v -234.880765 111.112496 18.500000
v -234.880765 111.112496 3.500000
v -226.703791 212.402010 3.500000
v -226.703791 212.402010 18.500000
v -274.001967 188.487945 3.500000
v -274.001967 188.487945 18.500000
vn 0.713901 -0.700247 0.000000
vn 0.892418 0.451209 0.000000
vn -0.451209 0.892418 0.000000
vn -0.892418 -0.451209 0.000000
vn 0.000000 0.000000 1.000000
vn 0.000000 0.000000 -1.000000
usemtl M032-05_BM05_S-ALG0-CO_Gebouwen.dgn_Default_132_132_132_vis
f 221//303 222//303 223//303
f 223//303 224//303 221//303
f 225//304 226//304 222//304
f 222//304 221//304 225//304
f 227//305 228//305 226//305
f 226//305 225//305 227//305
f 224//306 223//306 228//306
f 228//306 227//306 224//306
f 222//307 226//307 228//307
f 228//307 223//307 222//307
f 224//308 227//308 225//308
f 225//308 221//308 224//308

vn -0.713901 0.700247 -0.000000
vn -0.892418 -0.451209 -0.000000
vn 0.451209 -0.892418 -0.000000
vn 0.892418 0.451209 -0.000000
vn -0.000000 -0.000000 -1.000000
vn -0.000000 -0.000000 1.000000
f 224//314 221//314 225//314
f 225//314 227//314 224//314
f 222//313 223//313 228//313
f 228//313 226//313 222//313
f 224//312 227//312 228//312
f 228//312 223//312 224//312
f 227//311 225//311 226//311
f 226//311 228//311 227//311
f 225//310 221//310 222//310
f 222//310 226//310 225//310
f 221//309 224//309 223//309
f 223//309 222//309 221//309

usemtl M032-05_BM05_S-ALG0-CO_Gebouwen.dgn_Default_132_132_132_vis


v -318.000678 275.510704 5.500000
v -318.000678 275.510704 -9.500000
v -302.208371 244.276059 -9.500000
v -302.208371 244.276059 5.500000
v -254.910195 268.190124 -9.500000
v -254.910195 268.190124 5.500000
v -270.702502 299.424768 -9.500000
v -270.702502 299.424768 5.500000
